{
  "nbformat": 4,
  "nbformat_minor": 0,
  "metadata": {
    "colab": {
      "provenance": []
    },
    "kernelspec": {
      "name": "python3",
      "display_name": "Python 3"
    },
    "language_info": {
      "name": "python"
    }
  },
  "cells": [
    {
      "cell_type": "markdown",
      "source": [
        "# Taller 2\n",
        "Juan Pablo Leal Jaramillo"
      ],
      "metadata": {
        "id": "bInrfTL2LlZO"
      }
    },
    {
      "cell_type": "code",
      "source": [
        "import pandas as pd\n",
        "import numpy as np\n",
        "import matplotlib.pyplot as plt\n",
        "from sklearn.preprocessing import StandardScaler\n",
        "from numpy.linalg import eig\n",
        "from sklearn.metrics import pairwise_distances\n",
        "from sklearn.neighbors import KNeighborsClassifier\n",
        "from sklearn.cluster import KMeans"
      ],
      "metadata": {
        "id": "b2naKYVGwoBx"
      },
      "execution_count": null,
      "outputs": []
    },
    {
      "cell_type": "markdown",
      "source": [
        "# 1. "
      ],
      "metadata": {
        "id": "rs0feR0Tv_vu"
      }
    },
    {
      "cell_type": "code",
      "source": [
        "paises_2 = pd.read_excel('Paises2.xlsx')\n",
        "paises_2.tail()"
      ],
      "metadata": {
        "colab": {
          "base_uri": "https://localhost:8080/",
          "height": 206
        },
        "id": "Ug4iNd-Lw2Sv",
        "outputId": "e9eaf66b-8d73-40d8-8c2e-d40b0a35cfed"
      },
      "execution_count": null,
      "outputs": [
        {
          "output_type": "execute_result",
          "data": {
            "text/plain": [
              "               Pais   X1  X2  X3      X4      X5   X6    X7  X8   X9   X10  \\\n",
              "15           Canadá  1.3   6  45  573695  554227  590  1602  49 -1.1  7854   \n",
              "16         Colombia  1.8  26  37   70263   43354  100   174  52  0.7   622   \n",
              "17            Congo  3.1  90  43    1784     435    8    20  58  0.2   331   \n",
              "18  Corea del Norte  1.8  26  45   12870   38000   47   687  74  0.0  1129   \n",
              "19    Corea del Sur  0.9  10  40  435137  164993  415   632  66  0.1  2982   \n",
              "\n",
              "     X11  \n",
              "15  14.4  \n",
              "16   1.8  \n",
              "17   1.6  \n",
              "18  11.2  \n",
              "19   6.6  "
            ],
            "text/html": [
              "\n",
              "  <div id=\"df-ab0f7e89-c515-4793-82f3-9fd4d4ddc40e\">\n",
              "    <div class=\"colab-df-container\">\n",
              "      <div>\n",
              "<style scoped>\n",
              "    .dataframe tbody tr th:only-of-type {\n",
              "        vertical-align: middle;\n",
              "    }\n",
              "\n",
              "    .dataframe tbody tr th {\n",
              "        vertical-align: top;\n",
              "    }\n",
              "\n",
              "    .dataframe thead th {\n",
              "        text-align: right;\n",
              "    }\n",
              "</style>\n",
              "<table border=\"1\" class=\"dataframe\">\n",
              "  <thead>\n",
              "    <tr style=\"text-align: right;\">\n",
              "      <th></th>\n",
              "      <th>Pais</th>\n",
              "      <th>X1</th>\n",
              "      <th>X2</th>\n",
              "      <th>X3</th>\n",
              "      <th>X4</th>\n",
              "      <th>X5</th>\n",
              "      <th>X6</th>\n",
              "      <th>X7</th>\n",
              "      <th>X8</th>\n",
              "      <th>X9</th>\n",
              "      <th>X10</th>\n",
              "      <th>X11</th>\n",
              "    </tr>\n",
              "  </thead>\n",
              "  <tbody>\n",
              "    <tr>\n",
              "      <th>15</th>\n",
              "      <td>Canadá</td>\n",
              "      <td>1.3</td>\n",
              "      <td>6</td>\n",
              "      <td>45</td>\n",
              "      <td>573695</td>\n",
              "      <td>554227</td>\n",
              "      <td>590</td>\n",
              "      <td>1602</td>\n",
              "      <td>49</td>\n",
              "      <td>-1.1</td>\n",
              "      <td>7854</td>\n",
              "      <td>14.4</td>\n",
              "    </tr>\n",
              "    <tr>\n",
              "      <th>16</th>\n",
              "      <td>Colombia</td>\n",
              "      <td>1.8</td>\n",
              "      <td>26</td>\n",
              "      <td>37</td>\n",
              "      <td>70263</td>\n",
              "      <td>43354</td>\n",
              "      <td>100</td>\n",
              "      <td>174</td>\n",
              "      <td>52</td>\n",
              "      <td>0.7</td>\n",
              "      <td>622</td>\n",
              "      <td>1.8</td>\n",
              "    </tr>\n",
              "    <tr>\n",
              "      <th>17</th>\n",
              "      <td>Congo</td>\n",
              "      <td>3.1</td>\n",
              "      <td>90</td>\n",
              "      <td>43</td>\n",
              "      <td>1784</td>\n",
              "      <td>435</td>\n",
              "      <td>8</td>\n",
              "      <td>20</td>\n",
              "      <td>58</td>\n",
              "      <td>0.2</td>\n",
              "      <td>331</td>\n",
              "      <td>1.6</td>\n",
              "    </tr>\n",
              "    <tr>\n",
              "      <th>18</th>\n",
              "      <td>Corea del Norte</td>\n",
              "      <td>1.8</td>\n",
              "      <td>26</td>\n",
              "      <td>45</td>\n",
              "      <td>12870</td>\n",
              "      <td>38000</td>\n",
              "      <td>47</td>\n",
              "      <td>687</td>\n",
              "      <td>74</td>\n",
              "      <td>0.0</td>\n",
              "      <td>1129</td>\n",
              "      <td>11.2</td>\n",
              "    </tr>\n",
              "    <tr>\n",
              "      <th>19</th>\n",
              "      <td>Corea del Sur</td>\n",
              "      <td>0.9</td>\n",
              "      <td>10</td>\n",
              "      <td>40</td>\n",
              "      <td>435137</td>\n",
              "      <td>164993</td>\n",
              "      <td>415</td>\n",
              "      <td>632</td>\n",
              "      <td>66</td>\n",
              "      <td>0.1</td>\n",
              "      <td>2982</td>\n",
              "      <td>6.6</td>\n",
              "    </tr>\n",
              "  </tbody>\n",
              "</table>\n",
              "</div>\n",
              "      <button class=\"colab-df-convert\" onclick=\"convertToInteractive('df-ab0f7e89-c515-4793-82f3-9fd4d4ddc40e')\"\n",
              "              title=\"Convert this dataframe to an interactive table.\"\n",
              "              style=\"display:none;\">\n",
              "        \n",
              "  <svg xmlns=\"http://www.w3.org/2000/svg\" height=\"24px\"viewBox=\"0 0 24 24\"\n",
              "       width=\"24px\">\n",
              "    <path d=\"M0 0h24v24H0V0z\" fill=\"none\"/>\n",
              "    <path d=\"M18.56 5.44l.94 2.06.94-2.06 2.06-.94-2.06-.94-.94-2.06-.94 2.06-2.06.94zm-11 1L8.5 8.5l.94-2.06 2.06-.94-2.06-.94L8.5 2.5l-.94 2.06-2.06.94zm10 10l.94 2.06.94-2.06 2.06-.94-2.06-.94-.94-2.06-.94 2.06-2.06.94z\"/><path d=\"M17.41 7.96l-1.37-1.37c-.4-.4-.92-.59-1.43-.59-.52 0-1.04.2-1.43.59L10.3 9.45l-7.72 7.72c-.78.78-.78 2.05 0 2.83L4 21.41c.39.39.9.59 1.41.59.51 0 1.02-.2 1.41-.59l7.78-7.78 2.81-2.81c.8-.78.8-2.07 0-2.86zM5.41 20L4 18.59l7.72-7.72 1.47 1.35L5.41 20z\"/>\n",
              "  </svg>\n",
              "      </button>\n",
              "      \n",
              "  <style>\n",
              "    .colab-df-container {\n",
              "      display:flex;\n",
              "      flex-wrap:wrap;\n",
              "      gap: 12px;\n",
              "    }\n",
              "\n",
              "    .colab-df-convert {\n",
              "      background-color: #E8F0FE;\n",
              "      border: none;\n",
              "      border-radius: 50%;\n",
              "      cursor: pointer;\n",
              "      display: none;\n",
              "      fill: #1967D2;\n",
              "      height: 32px;\n",
              "      padding: 0 0 0 0;\n",
              "      width: 32px;\n",
              "    }\n",
              "\n",
              "    .colab-df-convert:hover {\n",
              "      background-color: #E2EBFA;\n",
              "      box-shadow: 0px 1px 2px rgba(60, 64, 67, 0.3), 0px 1px 3px 1px rgba(60, 64, 67, 0.15);\n",
              "      fill: #174EA6;\n",
              "    }\n",
              "\n",
              "    [theme=dark] .colab-df-convert {\n",
              "      background-color: #3B4455;\n",
              "      fill: #D2E3FC;\n",
              "    }\n",
              "\n",
              "    [theme=dark] .colab-df-convert:hover {\n",
              "      background-color: #434B5C;\n",
              "      box-shadow: 0px 1px 3px 1px rgba(0, 0, 0, 0.15);\n",
              "      filter: drop-shadow(0px 1px 2px rgba(0, 0, 0, 0.3));\n",
              "      fill: #FFFFFF;\n",
              "    }\n",
              "  </style>\n",
              "\n",
              "      <script>\n",
              "        const buttonEl =\n",
              "          document.querySelector('#df-ab0f7e89-c515-4793-82f3-9fd4d4ddc40e button.colab-df-convert');\n",
              "        buttonEl.style.display =\n",
              "          google.colab.kernel.accessAllowed ? 'block' : 'none';\n",
              "\n",
              "        async function convertToInteractive(key) {\n",
              "          const element = document.querySelector('#df-ab0f7e89-c515-4793-82f3-9fd4d4ddc40e');\n",
              "          const dataTable =\n",
              "            await google.colab.kernel.invokeFunction('convertToInteractive',\n",
              "                                                     [key], {});\n",
              "          if (!dataTable) return;\n",
              "\n",
              "          const docLinkHtml = 'Like what you see? Visit the ' +\n",
              "            '<a target=\"_blank\" href=https://colab.research.google.com/notebooks/data_table.ipynb>data table notebook</a>'\n",
              "            + ' to learn more about interactive tables.';\n",
              "          element.innerHTML = '';\n",
              "          dataTable['output_type'] = 'display_data';\n",
              "          await google.colab.output.renderOutput(dataTable, element);\n",
              "          const docLink = document.createElement('div');\n",
              "          docLink.innerHTML = docLinkHtml;\n",
              "          element.appendChild(docLink);\n",
              "        }\n",
              "      </script>\n",
              "    </div>\n",
              "  </div>\n",
              "  "
            ]
          },
          "metadata": {},
          "execution_count": 38
        }
      ]
    },
    {
      "cell_type": "code",
      "source": [
        "paises_2.describe()"
      ],
      "metadata": {
        "colab": {
          "base_uri": "https://localhost:8080/",
          "height": 300
        },
        "id": "UKDzEg9ZxSHY",
        "outputId": "2294b3ea-5e9b-4a87-f1f3-ec91856bb66c"
      },
      "execution_count": null,
      "outputs": [
        {
          "output_type": "execute_result",
          "data": {
            "text/plain": [
              "              X1          X2         X3             X4             X5  \\\n",
              "count  20.000000   20.000000  20.000000      20.000000      20.000000   \n",
              "mean    1.745000   39.000000  39.300000  150981.850000   98212.700000   \n",
              "std     1.176737   34.908904   8.651742  195560.377994  146594.796551   \n",
              "min    -0.600000    6.000000  13.000000    1784.000000       6.000000   \n",
              "25%     0.975000   12.250000  37.000000    7937.500000    3633.250000   \n",
              "50%     1.700000   26.000000  41.000000   36604.000000   40677.000000   \n",
              "75%     2.600000   59.250000  45.000000  257640.250000  109512.500000   \n",
              "max     4.300000  124.000000  49.000000  579787.000000  554227.000000   \n",
              "\n",
              "               X6           X7         X8         X9          X10        X11  \n",
              "count   20.000000    20.000000  20.000000  20.000000    20.000000  20.000000  \n",
              "mean   177.700000   485.500000  37.600000   0.400000  2009.700000   5.435000  \n",
              "std    202.381375   489.887366  21.864174   1.046297  2219.516332   5.210745  \n",
              "min      2.000000    20.000000   1.000000  -1.100000    20.000000   0.100000  \n",
              "25%     11.000000   154.000000  19.750000  -0.050000   338.500000   1.150000  \n",
              "50%     85.500000   270.500000  44.500000   0.100000  1017.500000   3.250000  \n",
              "75%    355.000000   744.500000  52.250000   0.700000  3061.750000   9.950000  \n",
              "max    590.000000  1602.000000  74.000000   4.100000  7854.000000  15.300000  "
            ],
            "text/html": [
              "\n",
              "  <div id=\"df-d41f277d-60d0-4a4c-b9cf-1957059fa9c0\">\n",
              "    <div class=\"colab-df-container\">\n",
              "      <div>\n",
              "<style scoped>\n",
              "    .dataframe tbody tr th:only-of-type {\n",
              "        vertical-align: middle;\n",
              "    }\n",
              "\n",
              "    .dataframe tbody tr th {\n",
              "        vertical-align: top;\n",
              "    }\n",
              "\n",
              "    .dataframe thead th {\n",
              "        text-align: right;\n",
              "    }\n",
              "</style>\n",
              "<table border=\"1\" class=\"dataframe\">\n",
              "  <thead>\n",
              "    <tr style=\"text-align: right;\">\n",
              "      <th></th>\n",
              "      <th>X1</th>\n",
              "      <th>X2</th>\n",
              "      <th>X3</th>\n",
              "      <th>X4</th>\n",
              "      <th>X5</th>\n",
              "      <th>X6</th>\n",
              "      <th>X7</th>\n",
              "      <th>X8</th>\n",
              "      <th>X9</th>\n",
              "      <th>X10</th>\n",
              "      <th>X11</th>\n",
              "    </tr>\n",
              "  </thead>\n",
              "  <tbody>\n",
              "    <tr>\n",
              "      <th>count</th>\n",
              "      <td>20.000000</td>\n",
              "      <td>20.000000</td>\n",
              "      <td>20.000000</td>\n",
              "      <td>20.000000</td>\n",
              "      <td>20.000000</td>\n",
              "      <td>20.000000</td>\n",
              "      <td>20.000000</td>\n",
              "      <td>20.000000</td>\n",
              "      <td>20.000000</td>\n",
              "      <td>20.000000</td>\n",
              "      <td>20.000000</td>\n",
              "    </tr>\n",
              "    <tr>\n",
              "      <th>mean</th>\n",
              "      <td>1.745000</td>\n",
              "      <td>39.000000</td>\n",
              "      <td>39.300000</td>\n",
              "      <td>150981.850000</td>\n",
              "      <td>98212.700000</td>\n",
              "      <td>177.700000</td>\n",
              "      <td>485.500000</td>\n",
              "      <td>37.600000</td>\n",
              "      <td>0.400000</td>\n",
              "      <td>2009.700000</td>\n",
              "      <td>5.435000</td>\n",
              "    </tr>\n",
              "    <tr>\n",
              "      <th>std</th>\n",
              "      <td>1.176737</td>\n",
              "      <td>34.908904</td>\n",
              "      <td>8.651742</td>\n",
              "      <td>195560.377994</td>\n",
              "      <td>146594.796551</td>\n",
              "      <td>202.381375</td>\n",
              "      <td>489.887366</td>\n",
              "      <td>21.864174</td>\n",
              "      <td>1.046297</td>\n",
              "      <td>2219.516332</td>\n",
              "      <td>5.210745</td>\n",
              "    </tr>\n",
              "    <tr>\n",
              "      <th>min</th>\n",
              "      <td>-0.600000</td>\n",
              "      <td>6.000000</td>\n",
              "      <td>13.000000</td>\n",
              "      <td>1784.000000</td>\n",
              "      <td>6.000000</td>\n",
              "      <td>2.000000</td>\n",
              "      <td>20.000000</td>\n",
              "      <td>1.000000</td>\n",
              "      <td>-1.100000</td>\n",
              "      <td>20.000000</td>\n",
              "      <td>0.100000</td>\n",
              "    </tr>\n",
              "    <tr>\n",
              "      <th>25%</th>\n",
              "      <td>0.975000</td>\n",
              "      <td>12.250000</td>\n",
              "      <td>37.000000</td>\n",
              "      <td>7937.500000</td>\n",
              "      <td>3633.250000</td>\n",
              "      <td>11.000000</td>\n",
              "      <td>154.000000</td>\n",
              "      <td>19.750000</td>\n",
              "      <td>-0.050000</td>\n",
              "      <td>338.500000</td>\n",
              "      <td>1.150000</td>\n",
              "    </tr>\n",
              "    <tr>\n",
              "      <th>50%</th>\n",
              "      <td>1.700000</td>\n",
              "      <td>26.000000</td>\n",
              "      <td>41.000000</td>\n",
              "      <td>36604.000000</td>\n",
              "      <td>40677.000000</td>\n",
              "      <td>85.500000</td>\n",
              "      <td>270.500000</td>\n",
              "      <td>44.500000</td>\n",
              "      <td>0.100000</td>\n",
              "      <td>1017.500000</td>\n",
              "      <td>3.250000</td>\n",
              "    </tr>\n",
              "    <tr>\n",
              "      <th>75%</th>\n",
              "      <td>2.600000</td>\n",
              "      <td>59.250000</td>\n",
              "      <td>45.000000</td>\n",
              "      <td>257640.250000</td>\n",
              "      <td>109512.500000</td>\n",
              "      <td>355.000000</td>\n",
              "      <td>744.500000</td>\n",
              "      <td>52.250000</td>\n",
              "      <td>0.700000</td>\n",
              "      <td>3061.750000</td>\n",
              "      <td>9.950000</td>\n",
              "    </tr>\n",
              "    <tr>\n",
              "      <th>max</th>\n",
              "      <td>4.300000</td>\n",
              "      <td>124.000000</td>\n",
              "      <td>49.000000</td>\n",
              "      <td>579787.000000</td>\n",
              "      <td>554227.000000</td>\n",
              "      <td>590.000000</td>\n",
              "      <td>1602.000000</td>\n",
              "      <td>74.000000</td>\n",
              "      <td>4.100000</td>\n",
              "      <td>7854.000000</td>\n",
              "      <td>15.300000</td>\n",
              "    </tr>\n",
              "  </tbody>\n",
              "</table>\n",
              "</div>\n",
              "      <button class=\"colab-df-convert\" onclick=\"convertToInteractive('df-d41f277d-60d0-4a4c-b9cf-1957059fa9c0')\"\n",
              "              title=\"Convert this dataframe to an interactive table.\"\n",
              "              style=\"display:none;\">\n",
              "        \n",
              "  <svg xmlns=\"http://www.w3.org/2000/svg\" height=\"24px\"viewBox=\"0 0 24 24\"\n",
              "       width=\"24px\">\n",
              "    <path d=\"M0 0h24v24H0V0z\" fill=\"none\"/>\n",
              "    <path d=\"M18.56 5.44l.94 2.06.94-2.06 2.06-.94-2.06-.94-.94-2.06-.94 2.06-2.06.94zm-11 1L8.5 8.5l.94-2.06 2.06-.94-2.06-.94L8.5 2.5l-.94 2.06-2.06.94zm10 10l.94 2.06.94-2.06 2.06-.94-2.06-.94-.94-2.06-.94 2.06-2.06.94z\"/><path d=\"M17.41 7.96l-1.37-1.37c-.4-.4-.92-.59-1.43-.59-.52 0-1.04.2-1.43.59L10.3 9.45l-7.72 7.72c-.78.78-.78 2.05 0 2.83L4 21.41c.39.39.9.59 1.41.59.51 0 1.02-.2 1.41-.59l7.78-7.78 2.81-2.81c.8-.78.8-2.07 0-2.86zM5.41 20L4 18.59l7.72-7.72 1.47 1.35L5.41 20z\"/>\n",
              "  </svg>\n",
              "      </button>\n",
              "      \n",
              "  <style>\n",
              "    .colab-df-container {\n",
              "      display:flex;\n",
              "      flex-wrap:wrap;\n",
              "      gap: 12px;\n",
              "    }\n",
              "\n",
              "    .colab-df-convert {\n",
              "      background-color: #E8F0FE;\n",
              "      border: none;\n",
              "      border-radius: 50%;\n",
              "      cursor: pointer;\n",
              "      display: none;\n",
              "      fill: #1967D2;\n",
              "      height: 32px;\n",
              "      padding: 0 0 0 0;\n",
              "      width: 32px;\n",
              "    }\n",
              "\n",
              "    .colab-df-convert:hover {\n",
              "      background-color: #E2EBFA;\n",
              "      box-shadow: 0px 1px 2px rgba(60, 64, 67, 0.3), 0px 1px 3px 1px rgba(60, 64, 67, 0.15);\n",
              "      fill: #174EA6;\n",
              "    }\n",
              "\n",
              "    [theme=dark] .colab-df-convert {\n",
              "      background-color: #3B4455;\n",
              "      fill: #D2E3FC;\n",
              "    }\n",
              "\n",
              "    [theme=dark] .colab-df-convert:hover {\n",
              "      background-color: #434B5C;\n",
              "      box-shadow: 0px 1px 3px 1px rgba(0, 0, 0, 0.15);\n",
              "      filter: drop-shadow(0px 1px 2px rgba(0, 0, 0, 0.3));\n",
              "      fill: #FFFFFF;\n",
              "    }\n",
              "  </style>\n",
              "\n",
              "      <script>\n",
              "        const buttonEl =\n",
              "          document.querySelector('#df-d41f277d-60d0-4a4c-b9cf-1957059fa9c0 button.colab-df-convert');\n",
              "        buttonEl.style.display =\n",
              "          google.colab.kernel.accessAllowed ? 'block' : 'none';\n",
              "\n",
              "        async function convertToInteractive(key) {\n",
              "          const element = document.querySelector('#df-d41f277d-60d0-4a4c-b9cf-1957059fa9c0');\n",
              "          const dataTable =\n",
              "            await google.colab.kernel.invokeFunction('convertToInteractive',\n",
              "                                                     [key], {});\n",
              "          if (!dataTable) return;\n",
              "\n",
              "          const docLinkHtml = 'Like what you see? Visit the ' +\n",
              "            '<a target=\"_blank\" href=https://colab.research.google.com/notebooks/data_table.ipynb>data table notebook</a>'\n",
              "            + ' to learn more about interactive tables.';\n",
              "          element.innerHTML = '';\n",
              "          dataTable['output_type'] = 'display_data';\n",
              "          await google.colab.output.renderOutput(dataTable, element);\n",
              "          const docLink = document.createElement('div');\n",
              "          docLink.innerHTML = docLinkHtml;\n",
              "          element.appendChild(docLink);\n",
              "        }\n",
              "      </script>\n",
              "    </div>\n",
              "  </div>\n",
              "  "
            ]
          },
          "metadata": {},
          "execution_count": 4
        }
      ]
    },
    {
      "cell_type": "markdown",
      "source": [
        "## 1.1"
      ],
      "metadata": {
        "id": "9mzdudo5wR0H"
      }
    },
    {
      "cell_type": "markdown",
      "source": [
        "Se crea una matriz con toda la informacion sin la columna del pais"
      ],
      "metadata": {
        "id": "b8EDDSkoyq_t"
      }
    },
    {
      "cell_type": "code",
      "source": [
        "X = paises_2.iloc[:,1:].values\n",
        "X.mean(axis=0)"
      ],
      "metadata": {
        "colab": {
          "base_uri": "https://localhost:8080/"
        },
        "id": "aJhPJwvLxeTb",
        "outputId": "c56279f0-ea26-410b-ba99-13837fa4c2d7"
      },
      "execution_count": null,
      "outputs": [
        {
          "output_type": "execute_result",
          "data": {
            "text/plain": [
              "array([1.7450000e+00, 3.9000000e+01, 3.9300000e+01, 1.5098185e+05,\n",
              "       9.8212700e+04, 1.7770000e+02, 4.8550000e+02, 3.7600000e+01,\n",
              "       4.0000000e-01, 2.0097000e+03, 5.4350000e+00])"
            ]
          },
          "metadata": {},
          "execution_count": 6
        }
      ]
    },
    {
      "cell_type": "markdown",
      "source": [
        "Se entandarizan todos los datos mediante standard scaler"
      ],
      "metadata": {
        "id": "6Yy2Ozq-zL3P"
      }
    },
    {
      "cell_type": "code",
      "source": [
        "X_standarized = StandardScaler().fit_transform(X)\n",
        "X_standarized"
      ],
      "metadata": {
        "colab": {
          "base_uri": "https://localhost:8080/"
        },
        "id": "Sc7QkGyZyIrp",
        "outputId": "aa9136c1-2f48-4208-c759-48ad6b238348"
      },
      "execution_count": null,
      "outputs": [
        {
          "output_type": "execute_result",
          "data": {
            "text/plain": [
              "array([[-0.64955357, -0.26451146,  0.20159678, -0.78056703, -0.66004874,\n",
              "        -0.84002104, -0.81992424,  0.7226464 , -0.39223227, -0.77136178,\n",
              "        -0.83385733],\n",
              "       [ 1.0942144 ,  2.49816379,  0.79452847, -0.76890439, -0.68068101,\n",
              "        -0.87043822, -0.89741388, -0.87280669,  0.2941742 , -0.88784957,\n",
              "        -0.97168499],\n",
              "       [ 2.22766358, -0.52902292, -3.11882071, -0.09150606, -0.05034681,\n",
              "        -0.41418056,  0.02408462, -1.71745833, -0.39223227,  1.18165765,\n",
              "         1.50921286],\n",
              "       [ 0.65827241, -0.14695081, -1.81437098, -0.55806929, -0.54820893,\n",
              "        -0.68793515, -0.63981317, -1.67053323,  0.39223227, -0.51018877,\n",
              "        -0.47944335],\n",
              "       [-0.38798837, -0.49963276, -0.98426661,  0.66864295, -0.22571415,\n",
              "        -0.08973067,  1.16758049, -0.73203142, -0.2941742 , -0.2337614 ,\n",
              "        -0.38099503],\n",
              "       [-0.30079997, -0.96987535,  0.43876945,  0.98068541,  0.48250899,\n",
              "         1.68460465,  0.93720586, -0.87280669, -0.39223227,  1.53990382,\n",
              "         1.9423855 ],\n",
              "       [-0.99830716, -0.96987535,  0.20159678,  0.34397778, -0.3146191 ,\n",
              "         1.45647583, -0.38011813,  0.44109585, -0.78446454,  0.59690746,\n",
              "         0.3475226 ],\n",
              "       [ 0.22233042,  1.17560649,  0.32018311, -0.64206337, -0.6181403 ,\n",
              "        -0.89071633, -0.55604057, -1.48283287,  3.6281485 , -0.8994059 ,\n",
              "        -1.03075399],\n",
              "       [-1.25987236, -0.91109503,  0.08301044,  0.52320886, -0.18180408,\n",
              "         1.41591959,  0.90369683, -0.8258816 , -0.68640647,  1.43774588,\n",
              "         0.91852289],\n",
              "       [ 1.0942144 ,  1.64584908,  1.03170115, -0.78143268, -0.68732282,\n",
              "        -0.87550774, -0.96233764,  0.34724567,  0.88252261, -0.91974504,\n",
              "        -1.05044365],\n",
              "       [-1.17268396, -0.76414422,  1.15028749, -0.68006269, -0.46762548,\n",
              "         0.06235521, -0.39896697, -0.3097056 , -0.78446454,  0.17671937,\n",
              "         0.87914356],\n",
              "       [ 0.48389561,  0.88170487, -0.27274858, -0.76112405, -0.66760038,\n",
              "        -0.72342186, -0.59583256,  0.34724567,  0.78446454, -0.75656968,\n",
              "        -0.87323666],\n",
              "       [-0.12642318,  0.14695081, -0.50992126,  2.24966226,  1.13707982,\n",
              "        -0.52064068, -0.50158839,  1.33267258,  0.19611614, -0.59709236,\n",
              "        -0.794478  ],\n",
              "       [-2.04456794, -0.70536389,  1.03170115, -0.73321347,  1.98148438,\n",
              "         0.79743699,  2.2168322 , -0.21585542, -0.58834841,  0.19798301,\n",
              "         0.19000527],\n",
              "       [ 1.007026  ,  0.49963276, -0.15416224, -0.74690644, -0.66818827,\n",
              "        -0.88057727, -0.93720586,  0.30032058,  0.19611614, -0.88137803,\n",
              "        -1.03075399],\n",
              "       [-0.38798837, -0.96987535,  0.67594213,  2.21770149,  3.19152392,\n",
              "         2.09016701,  2.33830245,  0.53494604, -1.47087101,  2.70154592,\n",
              "         1.76517851],\n",
              "       [ 0.04795362, -0.38207211, -0.27274858, -0.42347941, -0.38394159,\n",
              "        -0.39390244, -0.65237905,  0.67572131,  0.2941742 , -0.64146866,\n",
              "        -0.71571934],\n",
              "       [ 1.1814028 ,  1.49889827,  0.43876945, -0.78274426, -0.68432036,\n",
              "        -0.86029916, -0.97490353,  0.95727185, -0.19611614, -0.77598431,\n",
              "        -0.75509867],\n",
              "       [ 0.04795362, -0.38207211,  0.67594213, -0.72458322, -0.42141282,\n",
              "        -0.66258751,  0.42200443,  1.70807331, -0.39223227, -0.40710632,\n",
              "         1.13510921],\n",
              "       [-0.73674197, -0.8523147 ,  0.08301044,  1.49077761,  0.46737772,\n",
              "         1.20299935,  0.30681712,  1.33267258, -0.2941742 ,  0.44944871,\n",
              "         0.2293846 ]])"
            ]
          },
          "metadata": {},
          "execution_count": 9
        }
      ]
    },
    {
      "cell_type": "code",
      "source": [
        "distance_matrix = pairwise_distances(X_standarized)"
      ],
      "metadata": {
        "id": "DCBZpYQA2ovH"
      },
      "execution_count": null,
      "outputs": []
    },
    {
      "cell_type": "markdown",
      "source": [
        "Se obtiene la matriz de distancias"
      ],
      "metadata": {
        "id": "3bWAII1i22VK"
      }
    },
    {
      "cell_type": "code",
      "source": [
        "distance_matrix"
      ],
      "metadata": {
        "colab": {
          "base_uri": "https://localhost:8080/"
        },
        "id": "-YCgPO5y2v0g",
        "outputId": "091fc7d5-62be-4d33-ad7c-c4aee26befcc"
      },
      "execution_count": null,
      "outputs": [
        {
          "output_type": "execute_result",
          "data": {
            "text/plain": [
              "array([[0.        , 3.75251264, 6.03093057, 3.52738611, 3.3093411 ,\n",
              "        5.48990447, 3.31230332, 4.90143777, 4.60747   , 3.03914722,\n",
              "        2.74130532, 2.10120931, 3.78348159, 4.96183014, 2.01164625,\n",
              "        7.94923582, 1.28855145, 2.57740656, 2.70921918, 3.90427477],\n",
              "       [3.75251264, 0.        , 6.26886696, 3.89687199, 4.75791781,\n",
              "        6.57761518, 5.53595117, 3.78977957, 6.16489377, 1.62142991,\n",
              "        4.80825357, 2.44808995, 5.13852889, 6.5938242 , 2.50867342,\n",
              "        9.10266152, 3.68078291, 2.1881512 , 4.80203347, 5.97487322],\n",
              "       [6.03093057, 6.26886696, 0.        , 3.56742078, 4.4695894 ,\n",
              "        5.19091143, 5.66156259, 6.85155252, 5.32679   , 6.49345309,\n",
              "        5.85764558, 5.43329852, 6.17285459, 7.16431244, 5.33060079,\n",
              "        7.58406903, 5.29385853, 6.00769652, 5.85916969, 6.0081456 ],\n",
              "       [3.52738611, 3.89687199, 3.56742078, 0.        , 2.92907995,\n",
              "        5.43503753, 4.5577305 , 4.18538248, 4.85808108, 4.06427692,\n",
              "        4.32653624, 2.82221069, 4.7264012 , 6.04494576, 2.79929483,\n",
              "        8.36300873, 2.91953225, 3.95831695, 4.7380488 , 5.16317071],\n",
              "       [3.3093411 , 4.75791781, 4.4695894 , 2.92907995, 0.        ,\n",
              "        3.82458741, 3.1203665 , 5.21329925, 3.01224121, 4.66927527,\n",
              "        3.43102771, 3.43061967, 3.58420041, 4.0547565 , 3.61061305,\n",
              "        6.27606569, 2.81759674, 4.39093667, 3.75711748, 3.17108532],\n",
              "       [5.48990447, 6.57761518, 5.19091143, 5.43503753, 3.82458741,\n",
              "        0.        , 2.94685902, 6.99449854, 1.70915824, 6.47271826,\n",
              "        3.58417912, 5.7559071 , 5.33077764, 4.05126919, 5.92015472,\n",
              "        3.94796401, 5.02352337, 6.23883392, 4.59637215, 3.19646769],\n",
              "       [3.31230332, 5.53595117, 5.66156259, 4.5577305 , 3.1203665 ,\n",
              "        2.94685902, 0.        , 6.32637564, 2.10556912, 5.1121929 ,\n",
              "        2.23866606, 4.21747676, 4.08200888, 4.01479956, 4.29661653,\n",
              "        5.57780961, 3.10476555, 4.66292013, 3.36743963, 1.90528034],\n",
              "       [4.90143777, 3.78977957, 6.85155252, 4.18538248, 5.21329925,\n",
              "        6.99449854, 6.32637564, 0.        , 6.62692076, 3.54479008,\n",
              "        5.74526092, 3.46893282, 5.77102829, 6.96898638, 4.05159045,\n",
              "        9.79348527, 4.37122297, 4.68073416, 5.90898692, 6.53170025],\n",
              "       [4.60747   , 6.16489377, 5.32679   , 4.85808108, 3.01224121,\n",
              "        1.70915824, 2.10556912, 6.62692076, 0.        , 6.07802789,\n",
              "        2.84511759, 5.16308185, 5.0709038 , 3.51750522, 5.37801158,\n",
              "        4.76023187, 4.35442019, 5.80382936, 4.29724493, 2.881179  ],\n",
              "       [3.03914722, 1.62142991, 6.49345309, 4.06427692, 4.66927527,\n",
              "        6.47271826, 5.1121929 , 3.54479008, 6.07802789, 0.        ,\n",
              "        4.51136864, 1.69820373, 4.536441  , 6.37804459, 1.79028397,\n",
              "        8.91685946, 2.84612579, 1.42290322, 3.98568188, 5.36551857],\n",
              "       [2.74130532, 4.80825357, 5.85764558, 4.32653624, 3.43102771,\n",
              "        3.58417912, 2.23866606, 5.74526092, 2.84511759, 4.51136864,\n",
              "        0.        , 3.87503002, 4.82167707, 3.83197693, 3.92101037,\n",
              "        6.52828839, 3.05838856, 4.23551834, 2.77421   , 3.48672299],\n",
              "       [2.10120931, 2.44808995, 5.43329852, 2.82221069, 3.43061967,\n",
              "        5.7559071 , 4.21747676, 3.46893282, 5.16308185, 1.69820373,\n",
              "        3.87503002, 0.        , 3.83264483, 5.66563151, 0.98177793,\n",
              "        8.33197369, 1.57472704, 1.69849433, 3.34378128, 4.50702093],\n",
              "       [3.78348159, 5.13852889, 6.17285459, 4.7264012 , 3.58420041,\n",
              "        5.33077764, 4.08200888, 5.77102829, 5.0709038 , 4.536441  ,\n",
              "        4.82167707, 3.83264483, 0.        , 5.48950826, 3.91098264,\n",
              "        6.53246642, 3.21152437, 4.19748648, 4.2557295 , 2.95894867],\n",
              "       [4.96183014, 6.5938242 , 7.16431244, 6.04494576, 4.0547565 ,\n",
              "        4.05126919, 4.01479956, 6.96898638, 3.51750522, 6.37804459,\n",
              "        3.83197693, 5.66563151, 5.48950826, 0.        , 5.95753731,\n",
              "        4.98902138, 4.9624956 , 6.24766907, 4.55369235, 4.02896689],\n",
              "       [2.01164625, 2.50867342, 5.33060079, 2.79929483, 3.61061305,\n",
              "        5.92015472, 4.29661653, 4.05159045, 5.37801158, 1.79028397,\n",
              "        3.92101037, 0.98177793, 3.91098264, 5.95753731, 0.        ,\n",
              "        8.45716412, 1.58808387, 1.43401833, 3.40389245, 4.66642782],\n",
              "       [7.94923582, 9.10266152, 7.58406903, 8.36300873, 6.27606569,\n",
              "        3.94796401, 5.57780961, 9.79348527, 4.76023187, 8.91685946,\n",
              "        6.52828839, 8.33197369, 6.53246642, 4.98902138, 8.45716412,\n",
              "        0.        , 7.53498122, 8.5187959 , 6.78941529, 4.77514349],\n",
              "       [1.28855145, 3.68078291, 5.29385853, 2.91953225, 2.81759674,\n",
              "        5.02352337, 3.10476555, 4.37122297, 4.35442019, 2.84612579,\n",
              "        3.05838856, 1.57472704, 3.21152437, 4.9624956 , 1.58808387,\n",
              "        7.53498122, 0.        , 2.49181894, 2.68997579, 3.41815415],\n",
              "       [2.57740656, 2.1881512 , 6.00769652, 3.95831695, 4.39093667,\n",
              "        6.23883392, 4.66292013, 4.68073416, 5.80382936, 1.42290322,\n",
              "        4.23551834, 1.69849433, 4.19748648, 6.24766907, 1.43401833,\n",
              "        8.5187959 , 2.49181894, 0.        , 3.35456011, 4.93465293],\n",
              "       [2.70921918, 4.80203347, 5.85916969, 4.7380488 , 3.75711748,\n",
              "        4.59637215, 3.36743963, 5.90898692, 4.29724493, 3.98568188,\n",
              "        2.77421   , 3.34378128, 4.2557295 , 4.55369235, 3.40389245,\n",
              "        6.78941529, 2.68997579, 3.35456011, 0.        , 3.47627136],\n",
              "       [3.90427477, 5.97487322, 6.0081456 , 5.16317071, 3.17108532,\n",
              "        3.19646769, 1.90528034, 6.53170025, 2.881179  , 5.36551857,\n",
              "        3.48672299, 4.50702093, 2.95894867, 4.02896689, 4.66642782,\n",
              "        4.77514349, 3.41815415, 4.93465293, 3.47627136, 0.        ]])"
            ]
          },
          "metadata": {},
          "execution_count": 18
        }
      ]
    },
    {
      "cell_type": "markdown",
      "source": [
        "## 1.2"
      ],
      "metadata": {
        "id": "I9VmfcIHwTsI"
      }
    },
    {
      "cell_type": "markdown",
      "source": [
        "Se saca la matriz de covarianza de la matriz ya estandarizada"
      ],
      "metadata": {
        "id": "0SejHr2wzZP8"
      }
    },
    {
      "cell_type": "code",
      "source": [
        "S_cov = np.cov(X_standarized.T)"
      ],
      "metadata": {
        "id": "fUIh2Wg0ylTy"
      },
      "execution_count": null,
      "outputs": []
    },
    {
      "cell_type": "markdown",
      "source": [
        "Se obtienen los valores y los vectores propios de la matriz de covarianza"
      ],
      "metadata": {
        "id": "mwzlUK-ezqtv"
      }
    },
    {
      "cell_type": "code",
      "source": [
        "vals, vectors = eig(S_cov)"
      ],
      "metadata": {
        "id": "hZe1k2TnzcpS"
      },
      "execution_count": null,
      "outputs": []
    },
    {
      "cell_type": "markdown",
      "source": [
        "Se obtienen las proyecciones de los planos de las dos primeras coordenadas principales para graficar"
      ],
      "metadata": {
        "id": "laB583Sz0d0G"
      }
    },
    {
      "cell_type": "code",
      "source": [
        "Z1 = vectors[:,0]\n",
        "Z2 = vectors[:,1]"
      ],
      "metadata": {
        "id": "f3Lp4AXBzujm"
      },
      "execution_count": null,
      "outputs": []
    },
    {
      "cell_type": "code",
      "source": [
